4294967279,177
4294967278,516
4294967279,104
4294967279,103
4294967279,98
4294967279,97
4294967279,95
4294967279,91
4294967279,85
4294967279,80
4294967279,79
4294967279,78
4294967279,77
4294967279,76
4294967279,75
4294967279,74
4294967279,73
4294967279,72
4294967279,71
4294967279,70
4294967279,69
4294967279,64
4294967294,1018
4294967294,175
4294967294,184
4294967294,453
160,7
4294967278,297
4294967279,302
4294967278,296
4294967278,158
4294967279,154
160,6
160,5
4294967278,155
160,4
4294967279,155
160,3
160,2
160,1
4294967279,150
4294967278,149
4294967279,148
4294967279,147
4294967279,146
4294967278,145
4294967278,144
4294967279,143
4294967279,142
4294967278,141
4294967278,140
4294967279,140
4294967278,138
4294967278,136
4294967278,275
4294967279,291
157,7
4294967278,270
4294967278,269
4294967279,272
4294967278,571
4294967278,268
4294967278,285
4294967278,265
4294967279,286
157,6
157,5
4294967279,267
157,4
4294967278,264
157,3
157,2
157,1
4294967278,256
4294967279,347
154,6
4294967278,335
4294967294,502
4294967278,530
4294967279,232
154,5
154,4
4294967278,228
154,3
154,2
154,1
4294967278,227
4294967279,221
4294967278,220
152,4
152,3
152,2
152,1
151,4
151,3
151,2
151,1
4294967279,211
150,4
150,3
150,2
150,1
4294967279,206
149,6
149,5
149,4
149,3
149,2
149,1
4294967294,407
4294967294,415
4294967294,397
148,5
148,4
148,3
148,2
148,1
4294967294,1423
4294967279,277
4294967279,134
147,4
147,3
147,2
147,1
4294967278,312
4294967279,179
4294967294,1421
4294967294,1014
145,5
145,4
145,3
145,2
145,1
4294967279,311
4294967278,334
4294967278,333
4294967279,303
4294967294,469
4294967278,332
4294967278,295
4294967279,301
4294967294,195
4294967278,556
4294967278,557
4294967278,293
4294967279,325
4294967279,326
4294967279,375
4294967279,296
4294967279,374
4294967279,324
4294967278,331
4294967279,398
4294967279,294
4294967278,316
4294967279,278
4294967279,138
4294967278,137
4294967278,548
4294967279,289
4294967279,321
4294967279,357
4294967279,271
4294967278,174
4294967278,7
4294967278,14
4294967279,269
4294967294,399
4294967294,420
4294967294,384
4294967294,406
4294967294,524
4294967294,411
4294967294,461
4294967294,416
4294967294,400
4294967294,465
4294967294,408
4294967278,12
4294967278,315
4294967278,11
4294967294,1019
4294967279,264
4294967279,381
144,7
4294967278,283
4294967278,541
4294967278,545
4294967278,544
4294967278,575
4294967279,350
144,6
144,5
144,4
144,3
144,2
144,1
4294967278,532
4294967278,239
4294967279,240
4294967278,237
4294967279,235
4294967279,234
4294967278,231
4294967278,229
4294967279,229
4294967279,227
4294967279,225
4294967278,223
4294967278,328
4294967278,219
141,7
4294967279,323
4294967279,397
4294967279,346
4294967279,280
4294967279,215
4294967278,529
4294967278,212
4294967294,1422
4294967278,209
141,6
141,5
141,4
4294967279,208
141,3
141,2
141,1
4294967278,206
4294967278,523
4294967279,203
4294967294,1010
4294967294,170
4294967279,198
4294967279,336
4294967278,320
4294967278,192
4294967279,192
4294967279,190
4294967279,332
4294967279,333
4294967279,189
4294967278,330
4294967278,560
4294967279,184
4294967279,360
4294967278,313
4294967279,329
138,7
4294967279,318
4294967278,311
4294967279,396
4294967278,299
4294967278,178
4294967278,177
4294967279,178
4294967278,309
138,6
4294967278,171
138,5
138,4
4294967278,170
138,3
138,2
138,1
4294967279,308
4294967279,309
4294967279,306
4294967278,162
4294967278,161
4294967279,161
4294967278,154
135,4
135,3
135,2
135,1
4294967278,554
4294967294,409
4294967294,396
4294967294,385
4294967294,168
4294967294,398
4294967294,109
4294967294,456
4294967294,169
4294967294,191
4294967294,108
4294967278,150
134,4
134,3
134,2
134,1
4294967279,297
133,4
133,3
133,2
133,1
4294967279,145
4294967279,295
132,6
4294967294,114
4294967294,1005
4294967294,182
4294967294,1006
4294967294,1017
4294967279,293
4294967279,322
132,5
4294967279,139
4294967294,89
132,4
132,3
132,2
132,1
4294967279,136
4294967279,135
4294967279,395
4294967278,272
4294967278,274
4294967279,133
131,5
131,4
4294967279,274
131,3
131,2
131,1
4294967278,277
4294967279,266
4294967278,263
130,4
130,3
130,2
130,1
4294967278,259
4294967279,262
4294967278,258
4294967279,284
4294967278,327
4294967279,352
4294967294,115
4294967278,569
4294967278,542
4294967279,353
128,5
4294967279,372
128,4
128,2
128,1
4294967278,567
4294967278,6
4294967278,5
4294967278,4
4294967279,132
4294967279,131
4294967279,130
4294967279,129
4294967279,128
4294967279,127
4294967279,349
4294967279,126
4294967279,125
4294967279,124
4294967279,123
4294967279,122
4294967279,121
4294967279,120
4294967279,119
4294967279,118
4294967279,117
4294967279,378
4294967278,534
4294967278,247
4294967278,225
4294967278,565
4294967278,524
4294967278,72
4294967278,71
4294967278,70
4294967278,67
4294967278,65
4294967278,62
4294967278,60
4294967278,59
4294967278,57
4294967278,56
4294967278,55
4294967278,54
4294967278,53
4294967278,52
4294967278,88
4294967278,51
4294967278,50
4294967278,49
4294967278,48
4294967278,47
4294967278,46
4294967278,45
4294967278,44
4294967278,43
4294967278,42
4294967278,41
4294967278,40
4294967278,39
4294967278,38
4294967278,37
4294967278,36
4294967278,35
4294967278,34
4294967278,33
4294967278,32
4294967278,31
4294967278,30
4294967278,29
4294967278,28
4294967278,27
4294967278,26
4294967278,25
4294967278,24
4294967278,23
4294967278,22
4294967278,21
4294967278,20
4294967279,252
4294967279,58
4294967279,56
4294967279,55
4294967279,54
4294967279,53
4294967279,305
4294967279,52
4294967279,50
4294967279,48
4294967279,46
4294967279,41
4294967279,40
4294967279,38
4294967279,36
4294967279,35
4294967279,34
4294967279,20
4294967279,19
4294967279,16
4294967279,15
4294967279,14
4294967279,12
4294967278,251
4294967278,533
4294967279,377
4294967279,247
4294967279,245
4294967279,394
4294967278,241
4294967278,243
4294967279,241
4294967279,345
4294967279,223
4294967279,216
4294967294,405
4294967294,462
4294967279,390
4294967278,527
4294967279,341
4294967279,343
4294967279,342
4294967279,340
4294967278,525
4294967279,389
4294967294,501
4294967279,367
4294967279,388
4294967278,325
4294967278,574
4294967279,339
4294967278,324
4294967278,522
4294967279,366
4294967279,365
4294967278,573
4294967279,338
4294967279,376
4294967278,323
4294967278,521
4294967278,520
4294967279,335
4294967278,518
4294967279,387
4294967279,386
4294967278,193
4294967279,364
4294967278,564
4294967278,517
4294967278,189
127,7
